#1
char Aclass(3,11)
Atrajectory
1.1

char name(7,6)
time
h
der(h)
v
der(v)
g
e

char description(7,31)
Time in [s]
height, used as state
velocity of ball
velocity of ball, used as state
acceleration of ball
acceleration of gravity
dimensionless parameter

int dataInfo(7,4)
0 1 0 -1 # time
2 2 0 -1 # h
2 3 0 -1 # der(h)
2 4 0 -1 # v
2 5 0 -1 # der(v)
1 2 0 -1 # g
2 6 0 -1 # e

float data_1(2,2)
0.00000000000000E+00 9.81000000000000E+00
1.00000000000000E+01         9.81000000000000E+00

float data_2(501,6)                          
 0.00000000000000E+00 1.00000000000000E+00 0.00000000000000E+00 0.00000000000000E+00 -9.81000000000000E+00 7.00000000000000E-01
 2.00000000000000E-02 9.98234200000000E-01 -1.96200000000000E-01 -1.96200000000000E-01 -9.81000000000000E+00 7.00000000000000E-01
 4.00000000000000E-02 9.92544400000000E-01 -3.92400000000000E-01 -3.92400000000000E-01 -9.81000000000000E+00 7.00000000000000E-01
 6.00000000000000E-02 9.82930600000000E-01 -5.88600000000000E-01 -5.88600000000000E-01 -9.81000000000000E+00 7.00000000000000E-01
 8.00000000000000E-02 9.69392800000000E-01 -7.84800000000000E-01 -7.84800000000000E-01 -9.81000000000000E+00 7.00000000000000E-01
 1.00000000000000E-01 9.51931000000000E-01 -9.81000000000000E-01 -9.81000000000000E-01 -9.81000000000000E+00 7.00000000000000E-01
 1.20000000000000E-01 9.30545200000000E-01 -1.17720000000000E+00 -1.17720000000000E+00 -9.81000000000000E+00 7.00000000000000E-01
 1.40000000000000E-01 9.05235400000000E-01 -1.37340000000000E+00 -1.37340000000000E+00 -9.81000000000000E+00 7.00000000000000E-01
 1.60000000000000E-01 8.76001600000000E-01 -1.56960000000000E+00 -1.56960000000000E+00 -9.81000000000000E+00 7.00000000000000E-01
 1.80000000000000E-01 8.42843800000000E-01 -1.76580000000000E+00 -1.76580000000000E+00 -9.81000000000000E+00 7.00000000000000E-01
 2.00000000000000E-01 8.05762000000000E-01 -1.96200000000000E+00 -1.96200000000000E+00 -9.81000000000000E+00 7.00000000000000E-01
 2.20000000000000E-01 7.64756200000000E-01 -2.15820000000000E+00 -2.15820000000000E+00 -9.81000000000000E+00 7.00000000000000E-01
 2.40000000000000E-01 7.19826400000000E-01 -2.35440000000000E+00 -2.35440000000000E+00 -9.81000000000000E+00 7.00000000000000E-01
 2.60000000000000E-01 6.70972600000000E-01 -2.55060000000000E+00 -2.55060000000000E+00 -9.81000000000000E+00 7.00000000000000E-01
 2.80000000000000E-01 6.18194800000000E-01 -2.74680000000001E+00 -2.74680000000001E+00 -9.81000000000000E+00 7.00000000000000E-01
 3.00000000000000E-01 5.61493000000000E-01 -2.94300000000001E+00 -2.94300000000001E+00 -9.81000000000000E+00 7.00000000000000E-01
 3.20000000000000E-01 5.00867200000000E-01 -3.13920000000001E+00 -3.13920000000001E+00 -9.81000000000000E+00 7.00000000000000E-01
 3.40000000000000E-01 4.36317399999999E-01 -3.33540000000001E+00 -3.33540000000001E+00 -9.81000000000000E+00 7.00000000000000E-01
 3.60000000000000E-01 3.67843599999999E-01 -3.53160000000001E+00 -3.53160000000001E+00 -9.81000000000000E+00 7.00000000000000E-01
 3.80000000000000E-01 2.95445799999999E-01 -3.72780000000002E+00 -3.72780000000002E+00 -9.81000000000000E+00 7.00000000000000E-01
 4.00000000000000E-01 2.19123999999999E-01 -3.92400000000002E+00 -3.92400000000002E+00 -9.81000000000000E+00 7.00000000000000E-01
 4.20000000000000E-01 1.38878199999998E-01 -4.12020000000002E+00 -4.12020000000002E+00 -9.81000000000000E+00 7.00000000000000E-01
 4.40000000000000E-01 5.47083999999979E-02 -4.31640000000001E+00 -4.31640000000001E+00 -9.81000000000000E+00 7.00000000000000E-01
 4.60000000000000E-01 1.20427479999977E-02 3.05875800000001E+00 3.05875800000001E+00 -9.81000000000000E+00 7.00000000000000E-01
 4.80000000000000E-01 7.14521079999979E-02 2.86255800000001E+00 2.86255800000001E+00 -9.81000000000000E+00 7.00000000000000E-01
 5.00000000000000E-01 1.26937467999998E-01 2.66635800000000E+00 2.66635800000000E+00 -9.81000000000000E+00 7.00000000000000E-01
 5.20000000000000E-01 1.78498827999998E-01 2.47015800000000E+00 2.47015800000000E+00 -9.81000000000000E+00 7.00000000000000E-01
 5.40000000000000E-01 2.26136187999998E-01 2.27395800000000E+00 2.27395800000000E+00 -9.81000000000000E+00 7.00000000000000E-01
 5.60000000000000E-01 2.69849547999998E-01 2.07775800000000E+00 2.07775800000000E+00 -9.81000000000000E+00 7.00000000000000E-01
 5.80000000000000E-01 3.09638907999998E-01 1.88155800000000E+00 1.88155800000000E+00 -9.81000000000000E+00 7.00000000000000E-01
 6.00000000000000E-01 3.45504267999998E-01 1.68535800000000E+00 1.68535800000000E+00 -9.81000000000000E+00 7.00000000000000E-01
 6.20000000000000E-01 3.77445627999998E-01 1.48915800000000E+00 1.48915800000000E+00 -9.81000000000000E+00 7.00000000000000E-01
 6.40000000000000E-01 4.05462987999998E-01 1.29295800000000E+00 1.29295800000000E+00 -9.81000000000000E+00 7.00000000000000E-01
 6.60000000000000E-01 4.29556347999998E-01 1.09675800000000E+00 1.09675800000000E+00 -9.81000000000000E+00 7.00000000000000E-01
 6.80000000000000E-01 4.49725707999998E-01 9.00557999999999E-01 9.00557999999999E-01 -9.81000000000000E+00 7.00000000000000E-01
 7.00000000000000E-01 4.65971067999998E-01 7.04357999999999E-01 7.04357999999999E-01 -9.81000000000000E+00 7.00000000000000E-01
 7.20000000000000E-01 4.78292427999998E-01 5.08158000000000E-01 5.08158000000000E-01 -9.81000000000000E+00 7.00000000000000E-01
 7.40000000000000E-01 4.86689787999998E-01 3.11957999999999E-01 3.11957999999999E-01 -9.81000000000000E+00 7.00000000000000E-01
 7.60000000000000E-01 4.91163147999998E-01 1.15757999999999E-01 1.15757999999999E-01 -9.81000000000000E+00 7.00000000000000E-01
 7.80000000000000E-01 4.91712507999998E-01 -8.04420000000007E-02 -8.04420000000007E-02 -9.81000000000000E+00 7.00000000000000E-01
 8.00000000000000E-01 4.88337867999998E-01 -2.76642000000001E-01 -2.76642000000001E-01 -9.81000000000000E+00 7.00000000000000E-01
 8.20000000000000E-01 4.81039227999998E-01 -4.72842000000001E-01 -4.72842000000001E-01 -9.81000000000000E+00 7.00000000000000E-01
 8.40000000000000E-01 4.69816587999998E-01 -6.69042000000001E-01 -6.69042000000001E-01 -9.81000000000000E+00 7.00000000000000E-01
 8.60000000000000E-01 4.54669947999998E-01 -8.65242000000001E-01 -8.65242000000001E-01 -9.81000000000000E+00 7.00000000000000E-01
 8.80000000000000E-01 4.35599307999998E-01 -1.06144200000000E+00 -1.06144200000000E+00 -9.81000000000000E+00 7.00000000000000E-01
 9.00000000000000E-01 4.12604667999998E-01 -1.25764200000000E+00 -1.25764200000000E+00 -9.81000000000000E+00 7.00000000000000E-01
 9.20000000000000E-01 3.85686027999998E-01 -1.45384200000000E+00 -1.45384200000000E+00 -9.81000000000000E+00 7.00000000000000E-01
 9.40000000000000E-01 3.54843387999998E-01 -1.65004200000000E+00 -1.65004200000000E+00 -9.81000000000000E+00 7.00000000000000E-01
 9.60000000000000E-01 3.20076747999998E-01 -1.84624200000000E+00 -1.84624200000000E+00 -9.81000000000000E+00 7.00000000000000E-01
 9.80000000000000E-01 2.81386107999998E-01 -2.04244200000000E+00 -2.04244200000000E+00 -9.81000000000000E+00 7.00000000000000E-01
 1.00000000000000E+00 2.38771467999998E-01 -2.23864200000000E+00 -2.23864200000000E+00 -9.81000000000000E+00 7.00000000000000E-01
 1.02000000000000E+00 1.92232827999998E-01 -2.43484200000000E+00 -2.43484200000000E+00 -9.81000000000000E+00 7.00000000000000E-01
 1.04000000000000E+00 1.41770187999998E-01 -2.63104200000001E+00 -2.63104200000001E+00 -9.81000000000000E+00 7.00000000000000E-01
 1.06000000000000E+00 8.73835479999974E-02 -2.82724200000001E+00 -2.82724200000001E+00 -9.81000000000000E+00 7.00000000000000E-01
 1.08000000000000E+00 2.90729079999972E-02 -3.02344200000001E+00 -3.02344200000001E+00 -9.81000000000000E+00 7.00000000000000E-01
 1.10000000000000E+00 1.99044819999972E-02 2.08697940000001E+00 2.08697940000001E+00 -9.81000000000000E+00 7.00000000000000E-01
 1.12000000000000E+00 5.98782699999973E-02 1.89077940000001E+00 1.89077940000001E+00 -9.81000000000000E+00 7.00000000000000E-01
 1.14000000000000E+00 9.59280579999974E-02 1.69457940000001E+00 1.69457940000001E+00 -9.81000000000000E+00 7.00000000000000E-01
 1.16000000000000E+00 1.28053845999998E-01 1.49837940000001E+00 1.49837940000001E+00 -9.81000000000000E+00 7.00000000000000E-01
 1.18000000000000E+00 1.56255633999998E-01 1.30217940000001E+00 1.30217940000001E+00 -9.81000000000000E+00 7.00000000000000E-01
 1.20000000000000E+00 1.80533421999998E-01 1.10597940000001E+00 1.10597940000001E+00 -9.81000000000000E+00 7.00000000000000E-01
 1.22000000000000E+00 2.00887209999998E-01 9.09779400000007E-01 9.09779400000007E-01 -9.81000000000000E+00 7.00000000000000E-01
 1.24000000000000E+00 2.17316997999998E-01 7.13579400000007E-01 7.13579400000007E-01 -9.81000000000000E+00 7.00000000000000E-01
 1.26000000000000E+00 2.29822785999998E-01 5.17379400000007E-01 5.17379400000007E-01 -9.81000000000000E+00 7.00000000000000E-01
 1.28000000000000E+00 2.38404573999998E-01 3.21179400000007E-01 3.21179400000007E-01 -9.81000000000000E+00 7.00000000000000E-01
 1.30000000000000E+00 2.43062361999998E-01 1.24979400000007E-01 1.24979400000007E-01 -9.81000000000000E+00 7.00000000000000E-01
 1.32000000000000E+00 2.43796149999999E-01 -7.12205999999930E-02 -7.12205999999930E-02 -9.81000000000000E+00 7.00000000000000E-01
 1.34000000000000E+00 2.40605937999999E-01 -2.67420599999993E-01 -2.67420599999993E-01 -9.81000000000000E+00 7.00000000000000E-01
 1.36000000000000E+00 2.33491725999999E-01 -4.63620599999993E-01 -4.63620599999993E-01 -9.81000000000000E+00 7.00000000000000E-01
 1.38000000000000E+00 2.22453513999999E-01 -6.59820599999993E-01 -6.59820599999993E-01 -9.81000000000000E+00 7.00000000000000E-01
 1.40000000000000E+00 2.07491301999999E-01 -8.56020599999993E-01 -8.56020599999993E-01 -9.81000000000000E+00 7.00000000000000E-01
 1.42000000000000E+00 1.88605089999999E-01 -1.05222059999999E+00 -1.05222059999999E+00 -9.81000000000000E+00 7.00000000000000E-01
 1.44000000000000E+00 1.65794877999999E-01 -1.24842059999999E+00 -1.24842059999999E+00 -9.81000000000000E+00 7.00000000000000E-01
 1.46000000000000E+00 1.39060666000000E-01 -1.44462059999999E+00 -1.44462059999999E+00 -9.81000000000000E+00 7.00000000000000E-01
 1.48000000000000E+00 1.08402454000000E-01 -1.64082059999999E+00 -1.64082059999999E+00 -9.81000000000000E+00 7.00000000000000E-01
 1.50000000000000E+00 7.38202419999999E-02 -1.83702059999999E+00 -1.83702059999999E+00 -9.81000000000000E+00 7.00000000000000E-01
 1.52000000000000E+00 3.53140300000001E-02 -2.03322059999999E+00 -2.03322059999999E+00 -9.81000000000000E+00 7.00000000000000E-01
 1.54000000000000E+00 3.97140040000228E-04 1.52724042000000E+00 1.52724042000000E+00 -9.81000000000000E+00 7.00000000000000E-01
 1.56000000000000E+00 2.91761484400001E-02 1.33104042000000E+00 1.33104042000000E+00 -9.81000000000000E+00 7.00000000000000E-01
 1.58000000000000E+00 5.40311568400001E-02 1.13484042000000E+00 1.13484042000000E+00 -9.81000000000000E+00 7.00000000000000E-01
 1.60000000000000E+00 7.49621652400000E-02 9.38640419999996E-01 9.38640419999996E-01 -9.81000000000000E+00 7.00000000000000E-01
 1.62000000000000E+00 9.19691736399999E-02 7.42440419999996E-01 7.42440419999996E-01 -9.81000000000000E+00 7.00000000000000E-01
 1.64000000000000E+00 1.05052182040000E-01 5.46240419999997E-01 5.46240419999997E-01 -9.81000000000000E+00 7.00000000000000E-01
 1.66000000000000E+00 1.14211190440000E-01 3.50040419999996E-01 3.50040419999996E-01 -9.81000000000000E+00 7.00000000000000E-01
 1.68000000000000E+00 1.19446198840000E-01 1.53840419999996E-01 1.53840419999996E-01 -9.81000000000000E+00 7.00000000000000E-01
 1.70000000000000E+00 1.20757207240000E-01 -4.23595800000037E-02 -4.23595800000037E-02 -9.81000000000000E+00 7.00000000000000E-01
 1.72000000000000E+00 1.18144215640000E-01 -2.38559580000004E-01 -2.38559580000004E-01 -9.81000000000000E+00 7.00000000000000E-01
 1.74000000000000E+00 1.11607224039999E-01 -4.34759580000004E-01 -4.34759580000004E-01 -9.81000000000000E+00 7.00000000000000E-01
 1.76000000000000E+00 1.01146232439999E-01 -6.30959580000004E-01 -6.30959580000004E-01 -9.81000000000000E+00 7.00000000000000E-01
 1.78000000000000E+00 8.67612408399993E-02 -8.27159580000004E-01 -8.27159580000004E-01 -9.81000000000000E+00 7.00000000000000E-01
 1.80000000000000E+00 6.84522492399992E-02 -1.02335958000000E+00 -1.02335958000000E+00 -9.81000000000000E+00 7.00000000000000E-01
 1.82000000000000E+00 4.62192576399992E-02 -1.21955958000000E+00 -1.21955958000000E+00 -9.81000000000000E+00 7.00000000000000E-01
 1.84000000000000E+00 2.00622660399991E-02 -1.41575958000000E+00 -1.41575958000000E+00 -9.81000000000000E+00 7.00000000000000E-01
 1.86000000000000E+00 5.82289015599910E-03 1.02830970600000E+00 1.02830970600000E+00 -9.81000000000000E+00 7.00000000000000E-01
 1.88000000000000E+00 2.46232842759991E-02 8.32109706000002E-01 8.32109706000002E-01 -9.81000000000000E+00 7.00000000000000E-01
 1.90000000000000E+00 3.94996783959992E-02 6.35909706000002E-01 6.35909706000002E-01 -9.81000000000000E+00 7.00000000000000E-01
 1.92000000000000E+00 5.04520725159992E-02 4.39709706000002E-01 4.39709706000002E-01 -9.81000000000000E+00 7.00000000000000E-01
 1.94000000000000E+00 5.74804666359993E-02 2.43509706000002E-01 2.43509706000002E-01 -9.81000000000000E+00 7.00000000000000E-01
 1.96000000000000E+00 6.05848607559993E-02 4.73097060000021E-02 4.73097060000021E-02 -9.81000000000000E+00 7.00000000000000E-01
 1.98000000000000E+00 5.97652548759994E-02 -1.48890293999998E-01 -1.48890293999998E-01 -9.81000000000000E+00 7.00000000000000E-01
 2.00000000000000E+00 5.50216489959994E-02 -3.45090293999998E-01 -3.45090293999998E-01 -9.81000000000000E+00 7.00000000000000E-01
 2.02000000000000E+00 4.63540431159994E-02 -5.41290293999998E-01 -5.41290293999998E-01 -9.81000000000000E+00 7.00000000000000E-01
 2.04000000000000E+00 3.37624372359995E-02 -7.37490293999998E-01 -7.37490293999998E-01 -9.81000000000000E+00 7.00000000000000E-01
 2.06000000000000E+00 1.72468313559995E-02 -9.33690293999997E-01 -9.33690293999997E-01 -9.81000000000000E+00 7.00000000000000E-01
 2.08000000000000E+00 5.82144475599572E-04 7.57569205799998E-01 7.57569205799998E-01 -9.81000000000000E+00 7.00000000000000E-01
 2.10000000000000E+00 1.39677285915995E-02 5.61369205799998E-01 5.61369205799998E-01 -9.81000000000000E+00 7.00000000000000E-01
 2.12000000000000E+00 2.34293127075995E-02 3.65169205799998E-01 3.65169205799998E-01 -9.81000000000000E+00 7.00000000000000E-01
 2.14000000000000E+00 2.89668968235995E-02 1.68969205799998E-01 1.68969205799998E-01 -9.81000000000000E+00 7.00000000000000E-01
 2.16000000000000E+00 3.05804809395994E-02 -2.72307942000018E-02 -2.72307942000018E-02 -9.81000000000000E+00 7.00000000000000E-01
 2.18000000000000E+00 2.82700650555994E-02 -2.23430794200002E-01 -2.23430794200002E-01 -9.81000000000000E+00 7.00000000000000E-01
 2.20000000000000E+00 2.20356491715994E-02 -4.19630794200002E-01 -4.19630794200002E-01 -9.81000000000000E+00 7.00000000000000E-01
 2.22000000000000E+00 1.18772332875993E-02 -6.15830794200002E-01 -6.15830794200002E-01 -9.81000000000000E+00 7.00000000000000E-01
 2.24000000000000E+00 4.89014103879286E-04 5.35067555940001E-01 5.35067555940001E-01 -9.81000000000000E+00 7.00000000000000E-01
 2.26000000000000E+00 9.42456522267931E-03 3.38867555940001E-01 3.38867555940001E-01 -9.81000000000000E+00 7.00000000000000E-01
 2.28000000000000E+00 1.44361163414793E-02 1.42667555940001E-01 1.42667555940001E-01 -9.81000000000000E+00 7.00000000000000E-01
 2.30000000000000E+00 1.55236674602793E-02 -5.35324440599991E-02 -5.35324440599991E-02 -9.81000000000000E+00 7.00000000000000E-01
 2.32000000000000E+00 1.26872185790794E-02 -2.49732444059999E-01 -2.49732444059999E-01 -9.81000000000000E+00 7.00000000000000E-01
 2.34000000000000E+00 5.92676969787938E-03 -4.45932444059999E-01 -4.45932444059999E-01 -9.81000000000000E+00 7.00000000000000E-01
 2.36000000000000E+00 2.90799405589538E-03 3.16076710841999E-01 3.16076710841999E-01 -9.81000000000000E+00 7.00000000000000E-01
 2.38000000000000E+00 7.46372827273537E-03 1.19876710841999E-01 1.19876710841999E-01 -9.81000000000000E+00 7.00000000000000E-01
 2.40000000000000E+00 8.09546248957535E-03 -7.63232891580007E-02 -7.63232891580007E-02 -9.81000000000000E+00 7.00000000000000E-01
 2.42000000000000E+00 4.80319670641534E-03 -2.72523289158001E-01 -2.72523289158001E-01 -9.81000000000000E+00 7.00000000000000E-01
 2.44000000000000E+00 5.07417289529726E-04 2.61398302410601E-01 2.61398302410601E-01 -9.81000000000000E+00 7.00000000000000E-01
 2.46000000000000E+00 3.96958333774174E-03 6.51983024106007E-02 6.51983024106007E-02 -9.81000000000000E+00 7.00000000000000E-01
 2.48000000000000E+00 3.50774938595375E-03 -1.31001697589399E-01 -1.31001697589399E-01 -9.81000000000000E+00 7.00000000000000E-01
 2.50000000000000E+00 1.67693205969722E-04 1.95687188312580E-01 1.95687188312580E-01 -9.81000000000000E+00 7.00000000000000E-01
 2.52000000000000E+00 2.31563697222131E-03 -5.12811687420407E-04 -5.12811687420407E-04 -9.81000000000000E+00 7.00000000000000E-01
 2.54000000000000E+00 5.39580738472905E-04 -1.96712811687420E-01 -1.96712811687420E-01 -9.81000000000000E+00 7.00000000000000E-01
 2.56000000000000E+00 1.25744098262233E-03 8.20696818119428E-03 8.20696818119428E-03 -9.81000000000000E+00 7.00000000000000E-01
 2.58000000000000E+00 2.28248654430157E-04 9.82411222731640E-02 9.82411222731640E-02 -9.81000000000000E+00 7.00000000000000E-01
 2.60000000000000E+00 4.27271099893437E-04 -9.79588777268360E-02 -9.79588777268360E-02 -9.81000000000000E+00 7.00000000000000E-01
 2.62000000000000E+00 4.34103019526657E-04 -6.09207855912148E-02 -6.09207855912148E-02 -9.81000000000000E+00 7.00000000000000E-01
 2.64000000000000E+00 3.00670004773273E-04 -5.34934500861497E-02 -5.34934500861497E-02 -9.81000000000000E+00 7.00000000000000E-01
 2.66000000000000E+00 1.39013115100641E-04 -5.86925849396953E-02 -5.86925849396953E-02 -9.81000000000000E+00 7.00000000000000E-01
 2.68000000000000E+00 -1.36872273333553E-04 6.18850333795493E-02 6.18850333795493E-02 -9.81000000000000E+00 7.00000000000000E-01
 2.70000000000000E+00 1.04669053786030E-04 -6.04152336568452E-03 -6.04152336568452E-03 -9.81000000000000E+00 7.00000000000000E-01
 2.72000000000000E+00 8.47721696530216E-06 3.09822535508146E-02 3.09822535508146E-02 -9.81000000000000E+00 7.00000000000000E-01
 2.74000000000000E+00 3.32397761774587E-06 -5.11175774855702E-02 -5.11175774855702E-02 -9.81000000000000E+00 7.00000000000000E-01
 2.76000000000000E+00 7.54199957178187E-05 -1.11174129679294E-02 -1.11174129679294E-02 -9.81000000000000E+00 7.00000000000000E-01
 2.78000000000000E+00 9.80614404958945E-05 -1.48651323542854E-02 -1.48651323542854E-02 -9.81000000000000E+00 7.00000000000000E-01
 2.80000000000000E+00 1.20927748437152E-04 -1.67015148535998E-02 -1.67015148535998E-02 -9.81000000000000E+00 7.00000000000000E-01
 2.82000000000000E+00 3.98730995292633E-05 2.57588577217361E-02 2.57588577217361E-02 -9.81000000000000E+00 7.00000000000000E-01
 2.84000000000000E+00 1.90496726944715E-05 -4.74612004052153E-02 -4.74612004052153E-02 -9.81000000000000E+00 7.00000000000000E-01
 2.86000000000000E+00 7.84946260965163E-05 -9.32578819855548E-03 -9.32578819855548E-03 -9.81000000000000E+00 7.00000000000000E-01
 2.88000000000000E+00 9.15162694259030E-05 -3.98103621729218E-03 -3.98103621729218E-03 -9.81000000000000E+00 7.00000000000000E-01
 2.90000000000000E+00 1.09668874657302E-04 -1.36210774647316E-03 -1.36210774647316E-03 -9.81000000000000E+00 7.00000000000000E-01
 2.92000000000000E+00 6.83226765729434E-06 3.32751672042281E-02 3.32751672042281E-02 -9.81000000000000E+00 7.00000000000000E-01
 2.94000000000000E+00 8.55776926997868E-06 -5.27226170429597E-02 -5.27226170429597E-02 -9.81000000000000E+00 7.00000000000000E-01
 2.96000000000000E+00 8.62072242386192E-05 -1.19038823510503E-02 -1.19038823510503E-02 -9.81000000000000E+00 7.00000000000000E-01
 2.98000000000000E+00 1.08895857179682E-04 -1.52505023520146E-02 -1.52505023520146E-02 -9.81000000000000E+00 7.00000000000000E-01
 3.00000000000000E+00 2.57807705195429E-05 2.64698538475128E-02 2.64698538475128E-02 -9.81000000000000E+00 7.00000000000000E-01
 3.02000000000000E+00 7.09033206208128E-06 -4.79588976932590E-02 -4.79588976932590E-02 -9.81000000000000E+00 7.00000000000000E-01
 3.04000000000000E+00 4.08355415708010E-05 -4.29236598696969E-02 -4.29236598696969E-02 -9.81000000000000E+00 7.00000000000000E-01
 3.06000000000000E+00 8.45806047199522E-05 -7.10239333615149E-03 -7.10239333615149E-03 -9.81000000000000E+00 7.00000000000000E-01
 3.08000000000000E+00 9.97367071172468E-05 -2.89157273471422E-03 -2.89157273471422E-03 -9.81000000000000E+00 7.00000000000000E-01
 3.10000000000000E+00 -9.28059599459159E-07 3.25257293599900E-02 3.25257293599900E-02 -9.81000000000000E+00 7.00000000000000E-01
 3.12000000000000E+00 -1.45087151948907E-06 3.65386073863951E-02 3.65386073863951E-02 -9.81000000000000E+00 7.00000000000000E-01
 3.14000000000000E+00 1.00649506396962E-05 -5.50070251704766E-02 -5.50070251704766E-02 -9.81000000000000E+00 7.00000000000000E-01
 3.16000000000000E+00 9.56184577295452E-05 -1.30232423335335E-02 -1.30232423335335E-02 -9.81000000000000E+00 7.00000000000000E-01
 3.18000000000000E+00 9.34066184316278E-06 2.75612112565686E-02 2.75612112565686E-02 -9.81000000000000E+00 7.00000000000000E-01
 3.20000000000000E+00 4.58614601311685E-05 2.40997935157186E-02 2.40997935157186E-02 -9.81000000000000E+00 7.00000000000000E-01
 3.22000000000000E+00 2.00608406783243E-05 -4.62998554610030E-02 -4.62998554610030E-02 -9.81000000000000E+00 7.00000000000000E-01
 3.24000000000000E+00 5.20142845762074E-05 -4.21107291758915E-02 -4.21107291758915E-02 -9.81000000000000E+00 7.00000000000000E-01
 3.26000000000000E+00 9.29466075247920E-05 -6.70405729618683E-03 -6.70405729618683E-03 -9.81000000000000E+00 7.00000000000000E-01
 3.28000000000000E+00 -2.30443111462278E-06 3.06576119248685E-02 3.06576119248685E-02 -9.81000000000000E+00 7.00000000000000E-01
 3.30000000000000E+00 -8.43159534001750E-06 3.56232298431855E-02 3.56232298431855E-02 -9.81000000000000E+00 7.00000000000000E-01
 3.32000000000000E+00 3.38094189539126E-07 -5.43662608902299E-02 -5.43662608902299E-02 -9.81000000000000E+00 7.00000000000000E-01
 3.34000000000000E+00 8.36745568697345E-05 -1.27092678362126E-02 -1.27092678362126E-02 -9.81000000000000E+00 7.00000000000000E-01
 3.36000000000000E+00 1.06411512939907E-04 -1.56451412397442E-02 -1.56451412397442E-02 -9.81000000000000E+00 7.00000000000000E-01
 3.38000000000000E+00 2.38568135003440E-05 2.62764807925253E-02 2.62764807925253E-02 -9.81000000000000E+00 7.00000000000000E-01
 3.40000000000000E+00 5.78338454695442E-05 2.34702755883374E-02 2.34702755883374E-02 -9.81000000000000E+00 7.00000000000000E-01
 3.42000000000000E+00 3.01446722345564E-05 -4.58591929118362E-02 -4.58591929118362E-02 -9.81000000000000E+00 7.00000000000000E-01
 3.44000000000000E+00 8.40466797095096E-05 -8.54080452679973E-03 -8.54080452679973E-03 -9.81000000000000E+00 7.00000000000000E-01
 3.46000000000000E+00 9.78219073637818E-05 -3.59639421813187E-03 -3.59639421813187E-03 -9.81000000000000E+00 7.00000000000000E-01
 3.48000000000000E+00 -1.84201284647108E-06 3.21803668331154E-02 3.21803668331154E-02 -9.81000000000000E+00 7.00000000000000E-01
 3.50000000000000E+00 -3.40091234712500E-06 3.63693797482265E-02 3.63693797482265E-02 -9.81000000000000E+00 7.00000000000000E-01
 3.52000000000000E+00 7.60722689755460E-06 -5.48885658237586E-02 -5.48885658237586E-02 -9.81000000000000E+00 7.00000000000000E-01
 3.54000000000000E+00 9.27508646477593E-05 -1.29651972536417E-02 -1.29651972536417E-02 -9.81000000000000E+00 7.00000000000000E-01
 3.56000000000000E+00 6.39064474793039E-06 2.75896533457156E-02 2.75896533457156E-02 -9.81000000000000E+00 7.00000000000000E-01
 3.58000000000000E+00 4.29677583724472E-05 2.41137301394006E-02 2.41137301394006E-02 -9.81000000000000E+00 7.00000000000000E-01
 3.60000000000000E+00 1.72089487906491E-05 -4.63096110975804E-02 -4.63096110975804E-02 -9.81000000000000E+00 7.00000000000000E-01
 3.62000000000000E+00 4.91729287760359E-05 -4.21155094378144E-02 -4.21155094378144E-02 -9.81000000000000E+00 7.00000000000000E-01
 3.64000000000000E+00 9.01217914308737E-05 -6.70639962452908E-03 -6.70639962452908E-03 -9.81000000000000E+00 7.00000000000000E-01
 3.66000000000000E+00 1.05658047791326E-04 -2.69753581601924E-03 -2.69753581601924E-03 -9.81000000000000E+00 7.00000000000000E-01
 3.68000000000000E+00 4.71774865007304E-06 3.26208074501506E-02 3.26208074501506E-02 -9.81000000000000E+00 7.00000000000000E-01
 3.70000000000000E+00 4.48017100052466E-06 -5.22645652151054E-02 -5.22645652151054E-02 -9.81000000000000E+00 7.00000000000000E-01
 3.72000000000000E+00 8.05447666447893E-05 -1.16794369554016E-02 -1.16794369554016E-02 -9.81000000000000E+00 7.00000000000000E-01
 3.74000000000000E+00 1.03219932862113E-04 -1.51405241081468E-02 -1.51405241081468E-02 -9.81000000000000E+00 7.00000000000000E-01
 3.76000000000000E+00 1.99486770956817E-05 2.65237431870081E-02 2.65237431870081E-02 -9.81000000000000E+00 7.00000000000000E-01
 3.78000000000000E+00 5.44152886059577E-05 2.35914341616340E-02 2.35914341616340E-02 -9.81000000000000E+00 7.00000000000000E-01
 3.80000000000000E+00 2.70895910908594E-05 -4.59440039131438E-02 -4.59440039131438E-02 -9.81000000000000E+00 7.00000000000000E-01
 3.82000000000000E+00 8.12850446303368E-05 -8.58236191744046E-03 -8.58236191744046E-03 -9.81000000000000E+00 7.00000000000000E-01
 3.84000000000000E+00 9.50203771895939E-05 -3.61675733954583E-03 -3.61675733954583E-03 -9.81000000000000E+00 7.00000000000000E-01
 3.86000000000000E+00 -4.61462738825104E-06 3.21703889036225E-02 3.21703889036225E-02 -9.81000000000000E+00 7.00000000000000E-01
 3.88000000000000E+00 -6.20346067738346E-06 3.63644905627750E-02 3.63644905627750E-02 -9.81000000000000E+00 7.00000000000000E-01
 3.90000000000000E+00 4.79001101094166E-06 -5.48851433939425E-02 -5.48851433939425E-02 -9.81000000000000E+00 7.00000000000000E-01
 3.92000000000000E+00 8.99218071539828E-05 -1.29635202630318E-02 -1.29635202630318E-02 -9.81000000000000E+00 7.00000000000000E-01
 3.94000000000000E+00 1.12674018369765E-04 -1.57697249288856E-02 -1.57697249288856E-02 -9.81000000000000E+00 7.00000000000000E-01
 3.96000000000000E+00 3.02962277687821E-05 2.62154347848461E-02 2.62154347848461E-02 -9.81000000000000E+00 7.00000000000000E-01
 3.98000000000000E+00 1.08425321233202E-05 -4.77808043493922E-02 -4.77808043493922E-02 -9.81000000000000E+00 7.00000000000000E-01
 4.00000000000000E+00 4.43954008206638E-05 -4.28363941312022E-02 -4.28363941312022E-02 -9.81000000000000E+00 7.00000000000000E-01
 4.02000000000000E+00 8.78385245146233E-05 -7.05963312428908E-03 -7.05963312428908E-03 -9.81000000000000E+00 7.00000000000000E-01
 4.04000000000000E+00 1.03035676715306E-04 -2.87062023090166E-03 -2.87062023090166E-03 -9.81000000000000E+00 7.00000000000000E-01
 4.06000000000000E+00 2.34115744318601E-06 3.25359960868582E-02 3.25359960868582E-02 -9.81000000000000E+00 7.00000000000000E-01
 4.08000000000000E+00 1.84914570376047E-06 -5.22051972608007E-02 -5.22051972608007E-02 -9.81000000000000E+00 7.00000000000000E-01
 4.10000000000000E+00 7.77083282261309E-05 -1.16503466577924E-02 -1.16503466577924E-02 -9.81000000000000E+00 7.00000000000000E-01
 4.12000000000000E+00 1.00381749025598E-04 -1.51262698623183E-02 -1.51262698623183E-02 -9.81000000000000E+00 7.00000000000000E-01
 4.14000000000000E+00 1.70902522300903E-05 2.65307277674641E-02 2.65307277674641E-02 -9.81000000000000E+00 7.00000000000000E-01
 4.16000000000000E+00 5.15706932096691E-05 2.35948566060574E-02 2.35948566060574E-02 -9.81000000000000E+00 7.00000000000000E-01
 4.18000000000000E+00 2.42552630278412E-05 -4.59463996242402E-02 -4.59463996242402E-02 -9.81000000000000E+00 7.00000000000000E-01
 4.20000000000000E+00 5.58269746220205E-05 -4.19375358158777E-02 -4.19375358158777E-02 -9.81000000000000E+00 7.00000000000000E-01
 4.22000000000000E+00 9.61600485449573E-05 -6.61919254978007E-03 -6.61919254978007E-03 -9.81000000000000E+00 7.00000000000000E-01
 4.24000000000000E+00 7.88501965644865E-07 3.06991956506078E-02 3.06991956506078E-02 -9.81000000000000E+00 7.00000000000000E-01
 4.26000000000000E+00 -5.21391108253188E-06 3.56436058687978E-02 3.56436058687978E-02 -9.81000000000000E+00 7.00000000000000E-01
 4.28000000000000E+00 3.61690652386147E-06 -5.43805241081585E-02 -5.43805241081585E-02 -9.81000000000000E+00 7.00000000000000E-01
 4.30000000000000E+00 8.70027199380897E-05 -1.27162568129976E-02 -1.27162568129976E-02 -9.81000000000000E+00 7.00000000000000E-01
 4.32000000000000E+00 1.09740095346869E-04 -1.56485658383688E-02 -1.56485658383688E-02 -9.81000000000000E+00 7.00000000000000E-01
 4.34000000000000E+00 2.71902588373531E-05 2.62748027391993E-02 2.62748027391993E-02 -9.81000000000000E+00 7.00000000000000E-01
 4.36000000000000E+00 7.91466705495087E-06 -4.78223619174395E-02 -4.78223619174395E-02 -9.81000000000000E+00 7.00000000000000E-01
 4.38000000000000E+00 4.15124179257855E-05 -4.28567573395454E-02 -4.28567573395454E-02 -9.81000000000000E+00 7.00000000000000E-01
 4.40000000000000E+00 8.50259983206123E-05 -7.06961109637722E-03 -7.06961109637722E-03 -9.81000000000000E+00 7.00000000000000E-01
 4.42000000000000E+00 1.00213571668090E-04 -2.87550943722484E-03 -2.87550943722484E-03 -9.81000000000000E+00 7.00000000000000E-01
 4.44000000000000E+00 -4.74004931050654E-07 3.25336003757598E-02 3.25336003757598E-02 -9.81000000000000E+00 7.00000000000000E-01
 4.46000000000000E+00 -9.73203803771215E-07 3.65424641841223E-02 3.65424641841223E-02 -9.81000000000000E+00 7.00000000000000E-01
 4.48000000000000E+00 1.05541887485957E-05 -5.50097249288856E-02 -5.50097249288856E-02 -9.81000000000000E+00 7.00000000000000E-01
 4.50000000000000E+00 9.61170370025399E-05 -1.30245652151540E-02 -1.30245652151540E-02 -9.81000000000000E+00 7.00000000000000E-01
 4.52000000000000E+00 9.84111960805845E-06 2.75605630445746E-02 2.75605630445746E-02 -9.81000000000000E+00 7.00000000000000E-01
 4.54000000000000E+00 4.63606344363160E-05 2.40994758918415E-02 2.40994758918415E-02 -9.81000000000000E+00 7.00000000000000E-01
 4.56000000000000E+00 2.05590621118405E-05 -4.62996331242891E-02 -4.62996331242891E-02 -9.81000000000000E+00 7.00000000000000E-01
 4.58000000000000E+00 5.25122658860726E-05 -4.21106202309017E-02 -4.21106202309017E-02 -9.81000000000000E+00 7.00000000000000E-01
 4.60000000000000E+00 9.34442118849923E-05 -6.70400391314182E-03 -6.70400391314182E-03 -9.81000000000000E+00 7.00000000000000E-01
 4.62000000000000E+00 -1.80690255834642E-06 3.06576380825605E-02 3.06576380825605E-02 -9.81000000000000E+00 7.00000000000000E-01
 4.64000000000000E+00 -7.93398831066498E-06 3.56232426604547E-02 3.56232426604547E-02 -9.81000000000000E+00 7.00000000000000E-01
 4.66000000000000E+00 8.35739670698959E-07 -5.43662698623183E-02 -5.43662698623183E-02 -9.81000000000000E+00 7.00000000000000E-01
 4.68000000000000E+00 8.41722333943201E-05 -1.27092722325360E-02 -1.27092722325360E-02 -9.81000000000000E+00 7.00000000000000E-01
 4.70000000000000E+00 1.06909189728272E-04 -1.56451433939426E-02 -1.56451433939426E-02 -9.81000000000000E+00 7.00000000000000E-01
 4.72000000000000E+00 2.43544933476707E-05 2.62764797369681E-02 2.62764797369681E-02 -9.81000000000000E+00 7.00000000000000E-01
 4.74000000000000E+00 5.83315232268674E-05 2.34702750711144E-02 2.34702750711144E-02 -9.81000000000000E+00 7.00000000000000E-01
 4.76000000000000E+00 3.06423484402105E-05 -4.58591925497801E-02 -4.58591925497801E-02 -9.81000000000000E+00 7.00000000000000E-01
 4.78000000000000E+00 8.45443546624495E-05 -8.54080434939223E-03 -8.54080434939223E-03 -9.81000000000000E+00 7.00000000000000E-01
 4.80000000000000E+00 9.83195824870329E-05 -3.59639413120220E-03 -3.59639413120220E-03 -9.81000000000000E+00 7.00000000000000E-01
 4.82000000000000E+00 -1.34433784666008E-06 3.21803668757109E-02 3.21803668757109E-02 -9.81000000000000E+00 7.00000000000000E-01
 4.84000000000000E+00 -2.90323721952734E-06 3.63693797690983E-02 3.63693797690983E-02 -9.81000000000000E+00 7.00000000000000E-01
 4.86000000000000E+00 8.10490208776765E-06 -5.48885658383688E-02 -5.48885658383688E-02 -9.81000000000000E+00 7.00000000000000E-01
 4.88000000000000E+00 9.32485398885237E-05 -1.29651972608007E-02 -1.29651972608007E-02 -9.81000000000000E+00 7.00000000000000E-01
 4.90000000000000E+00 6.88831999886071E-06 2.75896533422076E-02 2.75896533422076E-02 -9.81000000000000E+00 7.00000000000000E-01
 4.92000000000000E+00 4.34654336164318E-05 2.41137301376817E-02 2.41137301376817E-02 -9.81000000000000E+00 7.00000000000000E-01
 4.94000000000000E+00 1.77066240294770E-05 -4.63096110963772E-02 -4.63096110963772E-02 -9.81000000000000E+00 7.00000000000000E-01
 4.96000000000000E+00 4.96706040135643E-05 -4.21155094372248E-02 -4.21155094372248E-02 -9.81000000000000E+00 7.00000000000000E-01
 4.98000000000000E+00 9.06194666663622E-05 -6.70639962424017E-03 -6.70639962424017E-03 -9.81000000000000E+00 7.00000000000000E-01
 5.00000000000000E+00 1.06155723027092E-04 -2.69753581587769E-03 -2.69753581587769E-03 -9.81000000000000E+00 7.00000000000000E-01
 5.02000000000000E+00 5.21542388563784E-06 3.26208074502199E-02 3.26208074502199E-02 -9.81000000000000E+00 7.00000000000000E-01
 5.04000000000000E+00 4.97784623629756E-06 -5.22645652151540E-02 -5.22645652151540E-02 -9.81000000000000E+00 7.00000000000000E-01
 5.06000000000000E+00 8.10424418807302E-05 -1.16794369554254E-02 -1.16794369554254E-02 -9.81000000000000E+00 7.00000000000000E-01
 5.08000000000000E+00 1.03717608098056E-04 -1.51405241081585E-02 -1.51405241081585E-02 -9.81000000000000E+00 7.00000000000000E-01
 5.10000000000000E+00 2.04463523316406E-05 2.65237431870024E-02 2.65237431870024E-02 -9.81000000000000E+00 7.00000000000000E-01
 5.12000000000000E+00 5.49129638419052E-05 2.35914341616312E-02 2.35914341616312E-02 -9.81000000000000E+00 7.00000000000000E-01
 5.14000000000000E+00 2.75872663267985E-05 -4.59440039131418E-02 -4.59440039131418E-02 -9.81000000000000E+00 7.00000000000000E-01
 5.16000000000000E+00 8.17827198662692E-05 -8.58236191743949E-03 -8.58236191743949E-03 -9.81000000000000E+00 7.00000000000000E-01
 5.18000000000000E+00 9.55180524255272E-05 -3.61675733954535E-03 -3.61675733954535E-03 -9.81000000000000E+00 7.00000000000000E-01
 5.20000000000000E+00 -4.11695215231847E-06 3.21703889036228E-02 3.21703889036228E-02 -9.81000000000000E+00 7.00000000000000E-01
 5.22000000000000E+00 -5.70578544145020E-06 3.63644905627752E-02 3.63644905627752E-02 -9.81000000000000E+00 7.00000000000000E-01
 5.24000000000000E+00 5.28768624687525E-06 -5.48851433939426E-02 -5.48851433939426E-02 -9.81000000000000E+00 7.00000000000000E-01
 5.26000000000000E+00 9.04194823899167E-05 -1.29635202630319E-02 -1.29635202630319E-02 -9.81000000000000E+00 7.00000000000000E-01
 5.28000000000000E+00 1.13171693605699E-04 -1.57697249288856E-02 -1.57697249288856E-02 -9.81000000000000E+00 7.00000000000000E-01
 5.30000000000000E+00 3.07939030047160E-05 2.62154347848460E-02 2.62154347848460E-02 -9.81000000000000E+00 7.00000000000000E-01
 5.32000000000000E+00 1.13402073592541E-05 -4.77808043493922E-02 -4.77808043493922E-02 -9.81000000000000E+00 7.00000000000000E-01
 5.34000000000000E+00 4.48930760565976E-05 -4.28363941312022E-02 -4.28363941312022E-02 -9.81000000000000E+00 7.00000000000000E-01
 5.36000000000000E+00 8.83361997505572E-05 -7.05963312428908E-03 -7.05963312428908E-03 -9.81000000000000E+00 7.00000000000000E-01
 5.38000000000000E+00 1.03533351951240E-04 -2.87062023090166E-03 -2.87062023090166E-03 -9.81000000000000E+00 7.00000000000000E-01
 5.40000000000000E+00 2.83883267911987E-06 3.25359960868582E-02 3.25359960868582E-02 -9.81000000000000E+00 7.00000000000000E-01
 5.42000000000000E+00 2.34682093969434E-06 -5.22051972608007E-02 -5.22051972608007E-02 -9.81000000000000E+00 7.00000000000000E-01
 5.44000000000000E+00 7.82060034620648E-05 -1.16503466577924E-02 -1.16503466577924E-02 -9.81000000000000E+00 7.00000000000000E-01
 5.46000000000000E+00 1.00879424261532E-04 -1.51262698623183E-02 -1.51262698623183E-02 -9.81000000000000E+00 7.00000000000000E-01
 5.48000000000000E+00 1.75879274660242E-05 2.65307277674641E-02 2.65307277674641E-02 -9.81000000000000E+00 7.00000000000000E-01
 5.50000000000000E+00 5.20683684456030E-05 2.35948566060574E-02 2.35948566060574E-02 -9.81000000000000E+00 7.00000000000000E-01
 5.52000000000000E+00 2.47529382637751E-05 -4.59463996242402E-02 -4.59463996242402E-02 -9.81000000000000E+00 7.00000000000000E-01
 5.54000000000000E+00 5.63246498579544E-05 -4.19375358158777E-02 -4.19375358158777E-02 -9.81000000000000E+00 7.00000000000000E-01
 5.56000000000000E+00 9.66577237808911E-05 -6.61919254978007E-03 -6.61919254978007E-03 -9.81000000000000E+00 7.00000000000000E-01
 5.58000000000000E+00 1.28617720157873E-06 3.06991956506078E-02 3.06991956506078E-02 -9.81000000000000E+00 7.00000000000000E-01
 5.60000000000000E+00 -4.71623584659802E-06 3.56436058687978E-02 3.56436058687978E-02 -9.81000000000000E+00 7.00000000000000E-01
 5.62000000000000E+00 4.11458175979533E-06 -5.43805241081585E-02 -5.43805241081585E-02 -9.81000000000000E+00 7.00000000000000E-01
 5.64000000000000E+00 8.75003951740236E-05 -1.27162568129976E-02 -1.27162568129976E-02 -9.81000000000000E+00 7.00000000000000E-01
 5.66000000000000E+00 1.10237770582803E-04 -1.56485658383688E-02 -1.56485658383688E-02 -9.81000000000000E+00 7.00000000000000E-01
 5.68000000000000E+00 2.76879340732870E-05 2.62748027391993E-02 2.62748027391993E-02 -9.81000000000000E+00 7.00000000000000E-01
 5.70000000000000E+00 8.41234229088473E-06 -4.78223619174395E-02 -4.78223619174395E-02 -9.81000000000000E+00 7.00000000000000E-01
 5.72000000000000E+00 4.20100931617193E-05 -4.28567573395454E-02 -4.28567573395454E-02 -9.81000000000000E+00 7.00000000000000E-01
 5.74000000000000E+00 8.55236735565462E-05 -7.06961109637722E-03 -7.06961109637722E-03 -9.81000000000000E+00 7.00000000000000E-01
 5.76000000000000E+00 1.00711246904024E-04 -2.87550943722484E-03 -2.87550943722484E-03 -9.81000000000000E+00 7.00000000000000E-01
 5.78000000000000E+00 2.36703048832099E-08 3.25336003757598E-02 3.25336003757598E-02 -9.81000000000000E+00 7.00000000000000E-01
 5.80000000000000E+00 -4.75528567837351E-07 3.65424641841223E-02 3.65424641841223E-02 -9.81000000000000E+00 7.00000000000000E-01
 5.82000000000000E+00 1.10518639845295E-05 -5.50097249288856E-02 -5.50097249288856E-02 -9.81000000000000E+00 7.00000000000000E-01
 5.84000000000000E+00 9.66147122384737E-05 -1.30245652151540E-02 -1.30245652151540E-02 -9.81000000000000E+00 7.00000000000000E-01
 5.86000000000000E+00 1.03387948439923E-05 2.75605630445746E-02 2.75605630445746E-02 -9.81000000000000E+00 7.00000000000000E-01
 5.88000000000000E+00 4.68583096722499E-05 2.40994758918415E-02 2.40994758918415E-02 -9.81000000000000E+00 7.00000000000000E-01
 5.90000000000000E+00 2.10567373477744E-05 -4.62996331242891E-02 -4.62996331242891E-02 -9.81000000000000E+00 7.00000000000000E-01
 5.92000000000000E+00 5.30099411220065E-05 -4.21106202309017E-02 -4.21106202309017E-02 -9.81000000000000E+00 7.00000000000000E-01
 5.94000000000000E+00 9.39418871209261E-05 -6.70400391314182E-03 -6.70400391314182E-03 -9.81000000000000E+00 7.00000000000000E-01
 5.96000000000000E+00 -1.30922732241256E-06 3.06576380825605E-02 3.06576380825605E-02 -9.81000000000000E+00 7.00000000000000E-01
 5.98000000000000E+00 -7.43631307473112E-06 3.56232426604547E-02 3.56232426604547E-02 -9.81000000000000E+00 7.00000000000000E-01
 6.00000000000000E+00 1.33341490663282E-06 -5.43662698623183E-02 -5.43662698623183E-02 -9.81000000000000E+00 7.00000000000000E-01
 6.02000000000000E+00 8.46699086302539E-05 -1.27092722325360E-02 -1.27092722325360E-02 -9.81000000000000E+00 7.00000000000000E-01
 6.04000000000000E+00 1.07406864964206E-04 -1.56451433939426E-02 -1.56451433939426E-02 -9.81000000000000E+00 7.00000000000000E-01
 6.06000000000000E+00 2.48521685836045E-05 2.62764797369681E-02 2.62764797369681E-02 -9.81000000000000E+00 7.00000000000000E-01
 6.08000000000000E+00 5.88291984628013E-05 2.34702750711144E-02 2.34702750711144E-02 -9.81000000000000E+00 7.00000000000000E-01
 6.10000000000000E+00 3.11400236761444E-05 -4.58591925497801E-02 -4.58591925497801E-02 -9.81000000000000E+00 7.00000000000000E-01
 6.12000000000000E+00 8.50420298983834E-05 -8.54080434939223E-03 -8.54080434939223E-03 -9.81000000000000E+00 7.00000000000000E-01
 6.14000000000000E+00 9.88172577229668E-05 -3.59639413120220E-03 -3.59639413120220E-03 -9.81000000000000E+00 7.00000000000000E-01
 6.16000000000000E+00 -8.46662610726214E-07 3.21803668757109E-02 3.21803668757109E-02 -9.81000000000000E+00 7.00000000000000E-01
 6.18000000000000E+00 -2.40556198359348E-06 3.63693797690983E-02 3.63693797690983E-02 -9.81000000000000E+00 7.00000000000000E-01
 6.20000000000000E+00 8.60257732370151E-06 -5.48885658383688E-02 -5.48885658383688E-02 -9.81000000000000E+00 7.00000000000000E-01
 6.22000000000000E+00 9.37462151244576E-05 -1.29651972608007E-02 -1.29651972608007E-02 -9.81000000000000E+00 7.00000000000000E-01
 6.24000000000000E+00 7.38599523479457E-06 2.75896533422076E-02 2.75896533422076E-02 -9.81000000000000E+00 7.00000000000000E-01
 6.26000000000000E+00 4.39631088523657E-05 2.41137301376817E-02 2.41137301376817E-02 -9.81000000000000E+00 7.00000000000000E-01
 6.28000000000000E+00 1.82042992654109E-05 -4.63096110963772E-02 -4.63096110963772E-02 -9.81000000000000E+00 7.00000000000000E-01
 6.30000000000000E+00 5.01682792494982E-05 -4.21155094372248E-02 -4.21155094372248E-02 -9.81000000000000E+00 7.00000000000000E-01
 6.32000000000000E+00 9.11171419022961E-05 -6.70639962424017E-03 -6.70639962424017E-03 -9.81000000000000E+00 7.00000000000000E-01
 6.34000000000000E+00 1.06653398263025E-04 -2.69753581587769E-03 -2.69753581587769E-03 -9.81000000000000E+00 7.00000000000000E-01
 6.36000000000000E+00 5.71309912157170E-06 3.26208074502199E-02 3.26208074502199E-02 -9.81000000000000E+00 7.00000000000000E-01
 6.38000000000000E+00 5.47552147223143E-06 -5.22645652151540E-02 -5.22645652151540E-02 -9.81000000000000E+00 7.00000000000000E-01
 6.40000000000000E+00 8.15401171166641E-05 -1.16794369554254E-02 -1.16794369554254E-02 -9.81000000000000E+00 7.00000000000000E-01
 6.42000000000000E+00 1.04215283333990E-04 -1.51405241081585E-02 -1.51405241081585E-02 -9.81000000000000E+00 7.00000000000000E-01
 6.44000000000000E+00 2.09440275675745E-05 2.65237431870024E-02 2.65237431870024E-02 -9.81000000000000E+00 7.00000000000000E-01
 6.46000000000000E+00 5.54106390778390E-05 2.35914341616312E-02 2.35914341616312E-02 -9.81000000000000E+00 7.00000000000000E-01
 6.48000000000000E+00 2.80849415627324E-05 -4.59440039131418E-02 -4.59440039131418E-02 -9.81000000000000E+00 7.00000000000000E-01
 6.50000000000000E+00 8.22803951022030E-05 -8.58236191743949E-03 -8.58236191743949E-03 -9.81000000000000E+00 7.00000000000000E-01
 6.52000000000000E+00 9.60157276614611E-05 -3.61675733954535E-03 -3.61675733954535E-03 -9.81000000000000E+00 7.00000000000000E-01
 6.54000000000000E+00 -3.61927691638461E-06 3.21703889036228E-02 3.21703889036228E-02 -9.81000000000000E+00 7.00000000000000E-01
 6.56000000000000E+00 -5.20811020551634E-06 3.63644905627752E-02 3.63644905627752E-02 -9.81000000000000E+00 7.00000000000000E-01
 6.58000000000000E+00 5.78536148280911E-06 -5.48851433939426E-02 -5.48851433939426E-02 -9.81000000000000E+00 7.00000000000000E-01
 6.60000000000000E+00 9.09171576258505E-05 -1.29635202630319E-02 -1.29635202630319E-02 -9.81000000000000E+00 7.00000000000000E-01
 6.62000000000000E+00 1.13669368841632E-04 -1.57697249288856E-02 -1.57697249288856E-02 -9.81000000000000E+00 7.00000000000000E-01
 6.64000000000000E+00 3.12915782406499E-05 2.62154347848460E-02 2.62154347848460E-02 -9.81000000000000E+00 7.00000000000000E-01
 6.66000000000000E+00 1.18378825951880E-05 -4.77808043493922E-02 -4.77808043493922E-02 -9.81000000000000E+00 7.00000000000000E-01
 6.68000000000000E+00 4.53907512925315E-05 -4.28363941312022E-02 -4.28363941312022E-02 -9.81000000000000E+00 7.00000000000000E-01
 6.70000000000000E+00 8.88338749864910E-05 -7.05963312428908E-03 -7.05963312428908E-03 -9.81000000000000E+00 7.00000000000000E-01
 6.72000000000000E+00 1.04031027187173E-04 -2.87062023090166E-03 -2.87062023090166E-03 -9.81000000000000E+00 7.00000000000000E-01
 6.74000000000000E+00 3.33650791505374E-06 3.25359960868582E-02 3.25359960868582E-02 -9.81000000000000E+00 7.00000000000000E-01
 6.76000000000000E+00 2.84449617562820E-06 -5.22051972608007E-02 -5.22051972608007E-02 -9.81000000000000E+00 7.00000000000000E-01
 6.78000000000000E+00 7.87036786979987E-05 -1.16503466577924E-02 -1.16503466577924E-02 -9.81000000000000E+00 7.00000000000000E-01
 6.80000000000000E+00 1.01377099497466E-04 -1.51262698623183E-02 -1.51262698623183E-02 -9.81000000000000E+00 7.00000000000000E-01
 6.82000000000000E+00 1.80856027019581E-05 2.65307277674641E-02 2.65307277674641E-02 -9.81000000000000E+00 7.00000000000000E-01
 6.84000000000000E+00 5.25660436815368E-05 2.35948566060574E-02 2.35948566060574E-02 -9.81000000000000E+00 7.00000000000000E-01
 6.86000000000000E+00 2.52506134997090E-05 -4.59463996242402E-02 -4.59463996242402E-02 -9.81000000000000E+00 7.00000000000000E-01
 6.88000000000000E+00 5.68223250938883E-05 -4.19375358158777E-02 -4.19375358158777E-02 -9.81000000000000E+00 7.00000000000000E-01
 6.90000000000000E+00 9.71553990168250E-05 -6.61919254978007E-03 -6.61919254978007E-03 -9.81000000000000E+00 7.00000000000000E-01
 6.92000000000000E+00 1.78385243751259E-06 3.06991956506078E-02 3.06991956506078E-02 -9.81000000000000E+00 7.00000000000000E-01
 6.94000000000000E+00 -4.21856061066415E-06 3.56436058687978E-02 3.56436058687978E-02 -9.81000000000000E+00 7.00000000000000E-01
 6.96000000000000E+00 4.61225699572920E-06 -5.43805241081585E-02 -5.43805241081585E-02 -9.81000000000000E+00 7.00000000000000E-01
 6.98000000000000E+00 8.79980704099574E-05 -1.27162568129976E-02 -1.27162568129976E-02 -9.81000000000000E+00 7.00000000000000E-01
 7.00000000000000E+00 1.10735445818737E-04 -1.56485658383688E-02 -1.56485658383688E-02 -9.81000000000000E+00 7.00000000000000E-01
 7.02000000000000E+00 2.81856093092209E-05 2.62748027391993E-02 2.62748027391993E-02 -9.81000000000000E+00 7.00000000000000E-01
 7.04000000000000E+00 8.91001752681859E-06 -4.78223619174395E-02 -4.78223619174395E-02 -9.81000000000000E+00 7.00000000000000E-01
 7.06000000000000E+00 4.25077683976532E-05 -4.28567573395454E-02 -4.28567573395454E-02 -9.81000000000000E+00 7.00000000000000E-01
 7.08000000000000E+00 8.60213487924801E-05 -7.06961109637722E-03 -7.06961109637722E-03 -9.81000000000000E+00 7.00000000000000E-01
 7.10000000000000E+00 1.01208922139958E-04 -2.87550943722484E-03 -2.87550943722484E-03 -9.81000000000000E+00 7.00000000000000E-01
 7.12000000000000E+00 5.21345540817073E-07 3.25336003757598E-02 3.25336003757598E-02 -9.81000000000000E+00 7.00000000000000E-01
 7.14000000000000E+00 2.21466680965123E-08 -5.22035202630319E-02 -5.22035202630319E-02 -9.81000000000000E+00 7.00000000000000E-01
 7.16000000000000E+00 7.58755267781868E-05 -1.16495249288856E-02 -1.16495249288856E-02 -9.81000000000000E+00 7.00000000000000E-01
 7.18000000000000E+00 9.85488982739199E-05 -1.51258672151540E-02 -1.51258672151540E-02 -9.81000000000000E+00 7.00000000000000E-01
 7.20000000000000E+00 1.21430850306829E-04 -1.68292749354254E-02 -1.68292749354254E-02 -9.81000000000000E+00 7.00000000000000E-01
 7.22000000000000E+00 4.05576207151331E-05 2.56962552816415E-02 2.56962552816415E-02 -9.81000000000000E+00 7.00000000000000E-01
 7.24000000000000E+00 1.95463865600576E-05 -4.74173786971491E-02 -4.74173786971491E-02 -9.81000000000000E+00 7.00000000000000E-01
 7.26000000000000E+00 7.88397168521934E-05 -9.30431556160305E-03 -9.30431556160305E-03 -9.81000000000000E+00 7.00000000000000E-01
 7.28000000000000E+00 9.18819739130544E-05 -3.97051462518550E-03 -3.97051462518550E-03 -9.81000000000000E+00 7.00000000000000E-01
 7.30000000000000E+00 1.10044679872876E-04 -1.35695216634089E-03 -1.35695216634089E-03 -9.81000000000000E+00 7.00000000000000E-01
 7.32000000000000E+00 7.20075194908033E-06 3.32776934384930E-02 3.32776934384930E-02 -9.81000000000000E+00 7.00000000000000E-01
 7.34000000000000E+00 8.93383226455913E-06 -5.27243854069451E-02 -5.27243854069451E-02 -9.81000000000000E+00 7.00000000000000E-01
 7.36000000000000E+00 8.65894057725891E-05 -1.19047488494031E-02 -1.19047488494031E-02 -9.81000000000000E+00 7.00000000000000E-01
 7.38000000000000E+00 1.09278090703553E-04 -1.52509269362075E-02 -1.52509269362075E-02 -9.81000000000000E+00 7.00000000000000E-01
 7.40000000000000E+00 2.61636069529679E-05 2.64696458012583E-02 2.64696458012583E-02 -9.81000000000000E+00 7.00000000000000E-01
 7.42000000000000E+00 7.47254435674273E-06 -4.79587520608808E-02 -4.79587520608808E-02 -9.81000000000000E+00 7.00000000000000E-01
 7.44000000000000E+00 4.12175965824939E-05 -4.29235885098316E-02 -4.29235885098316E-02 -9.81000000000000E+00 7.00000000000000E-01
 7.46000000000000E+00 8.49624128265112E-05 -7.10235836981749E-03 -7.10235836981749E-03 -9.81000000000000E+00 7.00000000000000E-01
 7.48000000000000E+00 1.00118548791486E-04 -2.89155560121056E-03 -2.89155560121056E-03 -9.81000000000000E+00 7.00000000000000E-01
 7.50000000000000E+00 -5.46242254794666E-07 3.25257377554068E-02 3.25257377554068E-02 -9.81000000000000E+00 7.00000000000000E-01
 7.52000000000000E+00 -1.06902898857426E-06 3.65386115001493E-02 3.65386115001493E-02 -9.81000000000000E+00 7.00000000000000E-01
 7.54000000000000E+00 1.04468055118738E-05 -5.50070280501045E-02 -5.50070280501045E-02 -9.81000000000000E+00 7.00000000000000E-01
 7.56000000000000E+00 9.60003225652354E-05 -1.30232437445512E-02 -1.30232437445512E-02 -9.81000000000000E+00 7.00000000000000E-01
 7.58000000000000E+00 9.72252868249803E-06 2.75612105651699E-02 2.75612105651699E-02 -9.81000000000000E+00 7.00000000000000E-01
 7.60000000000000E+00 4.62433256015344E-05 2.40997931769333E-02 2.40997931769333E-02 -9.81000000000000E+00 7.00000000000000E-01
 7.62000000000000E+00 2.04427051323341E-05 -4.62998552238533E-02 -4.62998552238533E-02 -9.81000000000000E+00 7.00000000000000E-01
 7.64000000000000E+00 5.23961487740956E-05 -4.21107290596881E-02 -4.21107290596881E-02 -9.81000000000000E+00 7.00000000000000E-01
 7.66000000000000E+00 9.33284713206163E-05 -6.70405723924717E-03 -6.70405723924717E-03 -9.81000000000000E+00 7.00000000000000E-01
 7.68000000000000E+00 -1.92256739965273E-06 3.06576119527689E-02 3.06576119527689E-02 -9.81000000000000E+00 7.00000000000000E-01
 7.70000000000000E+00 -8.04973154134614E-06 3.56232298568568E-02 3.56232298568568E-02 -9.81000000000000E+00 7.00000000000000E-01
 7.72000000000000E+00 7.19958029224085E-07 -5.43662608997997E-02 -5.43662608997997E-02 -9.81000000000000E+00 7.00000000000000E-01
 7.74000000000000E+00 8.40564207425311E-05 -1.27092678409019E-02 -1.27092678409019E-02 -9.81000000000000E+00 7.00000000000000E-01
 7.76000000000000E+00 1.06793376812985E-04 -1.56451412420419E-02 -1.56451412420419E-02 -9.81000000000000E+00 7.00000000000000E-01
 7.78000000000000E+00 2.42386773766846E-05 2.62764807913995E-02 2.62764807913995E-02 -9.81000000000000E+00 7.00000000000000E-01
 7.80000000000000E+00 5.82157093436555E-05 2.34702755877857E-02 2.34702755877857E-02 -9.81000000000000E+00 7.00000000000000E-01
 7.82000000000000E+00 3.05265361070127E-05 -4.58591929114500E-02 -4.58591929114500E-02 -9.81000000000000E+00 7.00000000000000E-01
 7.84000000000000E+00 8.44285435806297E-05 -8.54080452661051E-03 -8.54080452661051E-03 -9.81000000000000E+00 7.00000000000000E-01
 7.86000000000000E+00 9.82037712350836E-05 -3.59639421803915E-03 -3.59639421803915E-03 -9.81000000000000E+00 7.00000000000000E-01
 7.88000000000000E+00 -1.46014897530089E-06 3.21803668331608E-02 3.21803668331608E-02 -9.81000000000000E+00 7.00000000000000E-01
 7.90000000000000E+00 -3.01904847581849E-06 3.63693797482488E-02 3.63693797482488E-02 -9.81000000000000E+00 7.00000000000000E-01
 7.92000000000000E+00 7.98909076892786E-06 -5.48885658237742E-02 -5.48885658237742E-02 -9.81000000000000E+00 7.00000000000000E-01
 7.94000000000000E+00 9.31327285191864E-05 -1.29651972536493E-02 -1.29651972536493E-02 -9.81000000000000E+00 7.00000000000000E-01
 7.96000000000000E+00 6.77250861936835E-06 2.75896533457118E-02 2.75896533457118E-02 -9.81000000000000E+00 7.00000000000000E-01
 7.98000000000000E+00 4.33496222438777E-05 2.41137301393988E-02 2.41137301393988E-02 -9.81000000000000E+00 7.00000000000000E-01
 8.00000000000000E+00 1.75908126620740E-05 -4.63096110975792E-02 -4.63096110975792E-02 -9.81000000000000E+00 7.00000000000000E-01
 8.02000000000000E+00 4.95547926474595E-05 -4.21155094378138E-02 -4.21155094378138E-02 -9.81000000000000E+00 7.00000000000000E-01
 8.04000000000000E+00 9.05036553022952E-05 -6.70639962452876E-03 -6.70639962452876E-03 -9.81000000000000E+00 7.00000000000000E-01
 8.06000000000000E+00 1.06039911662748E-04 -2.69753581601909E-03 -2.69753581601909E-03 -9.81000000000000E+00 7.00000000000000E-01
 8.08000000000000E+00 5.09961252149461E-06 3.26208074501506E-02 3.26208074501506E-02 -9.81000000000000E+00 7.00000000000000E-01
 8.10000000000000E+00 4.86203487194648E-06 -5.22645652151055E-02 -5.22645652151055E-02 -9.81000000000000E+00 7.00000000000000E-01
 8.12000000000000E+00 8.09266305162113E-05 -1.16794369554017E-02 -1.16794369554017E-02 -9.81000000000000E+00 7.00000000000000E-01
 8.14000000000000E+00 1.03601796733535E-04 -1.51405241081468E-02 -1.51405241081468E-02 -9.81000000000000E+00 7.00000000000000E-01
 8.16000000000000E+00 2.03305409671038E-05 2.65237431870081E-02 2.65237431870081E-02 -9.81000000000000E+00 7.00000000000000E-01
 8.18000000000000E+00 5.47971524773797E-05 2.35914341616339E-02 2.35914341616339E-02 -9.81000000000000E+00 7.00000000000000E-01
 8.20000000000000E+00 2.74714549622814E-05 -4.59440039131438E-02 -4.59440039131438E-02 -9.81000000000000E+00 7.00000000000000E-01
 8.22000000000000E+00 8.16669085017588E-05 -8.58236191744046E-03 -8.58236191744046E-03 -9.81000000000000E+00 7.00000000000000E-01
 8.24000000000000E+00 9.54022410610159E-05 -3.61675733954583E-03 -3.61675733954583E-03 -9.81000000000000E+00 7.00000000000000E-01
 8.26000000000000E+00 -4.23276351682910E-06 3.21703889036225E-02 3.21703889036225E-02 -9.81000000000000E+00 7.00000000000000E-01
 8.28000000000000E+00 -5.82159680596151E-06 3.63644905627750E-02 3.63644905627750E-02 -9.81000000000000E+00 7.00000000000000E-01
 8.30000000000000E+00 5.17187488236360E-06 -5.48851433939425E-02 -5.48851433939425E-02 -9.81000000000000E+00 7.00000000000000E-01
 8.32000000000000E+00 9.03036710254047E-05 -1.29635202630318E-02 -1.29635202630318E-02 -9.81000000000000E+00 7.00000000000000E-01
 8.34000000000000E+00 1.13055882241187E-04 -1.57697249288856E-02 -1.57697249288856E-02 -9.81000000000000E+00 7.00000000000000E-01
 8.36000000000000E+00 3.06780916402041E-05 2.62154347848461E-02 2.62154347848461E-02 -9.81000000000000E+00 7.00000000000000E-01
 8.38000000000000E+00 1.12243959947421E-05 -4.77808043493922E-02 -4.77808043493922E-02 -9.81000000000000E+00 7.00000000000000E-01
 8.40000000000000E+00 4.47772646920857E-05 -4.28363941312022E-02 -4.28363941312022E-02 -9.81000000000000E+00 7.00000000000000E-01
 8.42000000000000E+00 8.82203883860452E-05 -7.05963312428908E-03 -7.05963312428908E-03 -9.81000000000000E+00 7.00000000000000E-01
 8.44000000000000E+00 1.03417540586728E-04 -2.87062023090166E-03 -2.87062023090166E-03 -9.81000000000000E+00 7.00000000000000E-01
 8.46000000000000E+00 2.72302131460795E-06 3.25359960868582E-02 3.25359960868582E-02 -9.81000000000000E+00 7.00000000000000E-01
 8.48000000000000E+00 2.23100957518242E-06 -5.22051972608007E-02 -5.22051972608007E-02 -9.81000000000000E+00 7.00000000000000E-01
 8.50000000000000E+00 7.80901920975529E-05 -1.16503466577924E-02 -1.16503466577924E-02 -9.81000000000000E+00 7.00000000000000E-01
 8.52000000000000E+00 1.00763612897020E-04 -1.51262698623183E-02 -1.51262698623183E-02 -9.81000000000000E+00 7.00000000000000E-01
 8.54000000000000E+00 1.74721161015123E-05 2.65307277674641E-02 2.65307277674641E-02 -9.81000000000000E+00 7.00000000000000E-01
 8.56000000000000E+00 5.19525570810910E-05 2.35948566060574E-02 2.35948566060574E-02 -9.81000000000000E+00 7.00000000000000E-01
 8.58000000000000E+00 2.46371268992632E-05 -4.59463996242402E-02 -4.59463996242402E-02 -9.81000000000000E+00 7.00000000000000E-01
 8.60000000000000E+00 5.62088384934425E-05 -4.19375358158777E-02 -4.19375358158777E-02 -9.81000000000000E+00 7.00000000000000E-01
 8.62000000000000E+00 9.65419124163792E-05 -6.61919254978007E-03 -6.61919254978007E-03 -9.81000000000000E+00 7.00000000000000E-01
 8.64000000000000E+00 1.17036583706681E-06 3.06991956506078E-02 3.06991956506078E-02 -9.81000000000000E+00 7.00000000000000E-01
 8.66000000000000E+00 -4.83204721110994E-06 3.56436058687978E-02 3.56436058687978E-02 -9.81000000000000E+00 7.00000000000000E-01
 8.68000000000000E+00 3.99877039528341E-06 -5.43805241081585E-02 -5.43805241081585E-02 -9.81000000000000E+00 7.00000000000000E-01
 8.70000000000000E+00 8.73845838095117E-05 -1.27162568129976E-02 -1.27162568129976E-02 -9.81000000000000E+00 7.00000000000000E-01
 8.72000000000000E+00 1.10121959218291E-04 -1.56485658383688E-02 -1.56485658383688E-02 -9.81000000000000E+00 7.00000000000000E-01
 8.74000000000000E+00 2.75721227087751E-05 2.62748027391993E-02 2.62748027391993E-02 -9.81000000000000E+00 7.00000000000000E-01
 8.76000000000000E+00 8.29653092637281E-06 -4.78223619174395E-02 -4.78223619174395E-02 -9.81000000000000E+00 7.00000000000000E-01
 8.78000000000000E+00 4.18942817972074E-05 -4.28567573395454E-02 -4.28567573395454E-02 -9.81000000000000E+00 7.00000000000000E-01
 8.80000000000000E+00 8.54078621920343E-05 -7.06961109637722E-03 -7.06961109637722E-03 -9.81000000000000E+00 7.00000000000000E-01
 8.82000000000000E+00 1.00595435539512E-04 -2.87550943722484E-03 -2.87550943722484E-03 -9.81000000000000E+00 7.00000000000000E-01
 8.84000000000000E+00 -9.21410596287114E-08 3.25336003757598E-02 3.25336003757598E-02 -9.81000000000000E+00 7.00000000000000E-01
 8.86000000000000E+00 -5.91339932349273E-07 3.65424641841223E-02 3.65424641841223E-02 -9.81000000000000E+00 7.00000000000000E-01
 8.88000000000000E+00 1.09360526200176E-05 -5.50097249288856E-02 -5.50097249288856E-02 -9.81000000000000E+00 7.00000000000000E-01
 8.90000000000000E+00 9.64989008739618E-05 -1.30245652151540E-02 -1.30245652151540E-02 -9.81000000000000E+00 7.00000000000000E-01
 8.92000000000000E+00 1.02229834794804E-05 2.75605630445746E-02 2.75605630445746E-02 -9.81000000000000E+00 7.00000000000000E-01
 8.94000000000000E+00 4.67424983077379E-05 2.40994758918415E-02 2.40994758918415E-02 -9.81000000000000E+00 7.00000000000000E-01
 8.96000000000000E+00 2.09409259832625E-05 -4.62996331242891E-02 -4.62996331242891E-02 -9.81000000000000E+00 7.00000000000000E-01
 8.98000000000000E+00 5.28941297574946E-05 -4.21106202309017E-02 -4.21106202309017E-02 -9.81000000000000E+00 7.00000000000000E-01
 9.00000000000000E+00 9.38260757564142E-05 -6.70400391314182E-03 -6.70400391314182E-03 -9.81000000000000E+00 7.00000000000000E-01
 9.02000000000000E+00 -1.42503868692448E-06 3.06576380825605E-02 3.06576380825605E-02 -9.81000000000000E+00 7.00000000000000E-01
 9.04000000000000E+00 -7.55212443924304E-06 3.56232426604547E-02 3.56232426604547E-02 -9.81000000000000E+00 7.00000000000000E-01
 9.06000000000000E+00 1.21760354212090E-06 -5.43662698623183E-02 -5.43662698623183E-02 -9.81000000000000E+00 7.00000000000000E-01
 9.08000000000000E+00 8.45540972657420E-05 -1.27092722325360E-02 -1.27092722325360E-02 -9.81000000000000E+00 7.00000000000000E-01
 9.10000000000000E+00 1.07291053599694E-04 -1.56451433939426E-02 -1.56451433939426E-02 -9.81000000000000E+00 7.00000000000000E-01
 9.12000000000000E+00 2.47363572190926E-05 2.62764797369681E-02 2.62764797369681E-02 -9.81000000000000E+00 7.00000000000000E-01
 9.14000000000000E+00 5.87133870982894E-05 2.34702750711144E-02 2.34702750711144E-02 -9.81000000000000E+00 7.00000000000000E-01
 9.16000000000000E+00 3.10242123116324E-05 -4.58591925497801E-02 -4.58591925497801E-02 -9.81000000000000E+00 7.00000000000000E-01
 9.18000000000000E+00 8.49262185338714E-05 -8.54080434939223E-03 -8.54080434939223E-03 -9.81000000000000E+00 7.00000000000000E-01
 9.20000000000000E+00 9.87014463584548E-05 -3.59639413120220E-03 -3.59639413120220E-03 -9.81000000000000E+00 7.00000000000000E-01
 9.22000000000000E+00 -9.62473975238136E-07 3.21803668757109E-02 3.21803668757109E-02 -9.81000000000000E+00 7.00000000000000E-01
 9.24000000000000E+00 -2.52137334810540E-06 3.63693797690983E-02 3.63693797690983E-02 -9.81000000000000E+00 7.00000000000000E-01
 9.26000000000000E+00 8.48676595918959E-06 -5.48885658383688E-02 -5.48885658383688E-02 -9.81000000000000E+00 7.00000000000000E-01
 9.28000000000000E+00 9.36304037599457E-05 -1.29651972608007E-02 -1.29651972608007E-02 -9.81000000000000E+00 7.00000000000000E-01
 9.30000000000000E+00 7.27018387028265E-06 2.75896533422076E-02 2.75896533422076E-02 -9.81000000000000E+00 7.00000000000000E-01
 9.32000000000000E+00 4.38472974878538E-05 2.41137301376817E-02 2.41137301376817E-02 -9.81000000000000E+00 7.00000000000000E-01
 9.34000000000000E+00 1.80884879008989E-05 -4.63096110963772E-02 -4.63096110963772E-02 -9.81000000000000E+00 7.00000000000000E-01
 9.36000000000000E+00 5.00524678849863E-05 -4.21155094372248E-02 -4.21155094372248E-02 -9.81000000000000E+00 7.00000000000000E-01
 9.38000000000000E+00 9.10013305377842E-05 -6.70639962424017E-03 -6.70639962424017E-03 -9.81000000000000E+00 7.00000000000000E-01
 9.40000000000000E+00 1.06537586898514E-04 -2.69753581587769E-03 -2.69753581587769E-03 -9.81000000000000E+00 7.00000000000000E-01
 9.42000000000000E+00 5.59728775705978E-06 3.26208074502199E-02 3.26208074502199E-02 -9.81000000000000E+00 7.00000000000000E-01
 9.44000000000000E+00 5.35971010771951E-06 -5.22645652151540E-02 -5.22645652151540E-02 -9.81000000000000E+00 7.00000000000000E-01
 9.46000000000000E+00 8.14243057521522E-05 -1.16794369554254E-02 -1.16794369554254E-02 -9.81000000000000E+00 7.00000000000000E-01
 9.48000000000000E+00 1.04099471969478E-04 -1.51405241081585E-02 -1.51405241081585E-02 -9.81000000000000E+00 7.00000000000000E-01
 9.50000000000000E+00 2.08282162030626E-05 2.65237431870024E-02 2.65237431870024E-02 -9.81000000000000E+00 7.00000000000000E-01
 9.52000000000000E+00 5.52948277133271E-05 2.35914341616312E-02 2.35914341616312E-02 -9.81000000000000E+00 7.00000000000000E-01
 9.54000000000000E+00 2.79691301982205E-05 -4.59440039131418E-02 -4.59440039131418E-02 -9.81000000000000E+00 7.00000000000000E-01
 9.56000000000000E+00 8.21645837376911E-05 -8.58236191743949E-03 -8.58236191743949E-03 -9.81000000000000E+00 7.00000000000000E-01
 9.58000000000000E+00 9.58999162969491E-05 -3.61675733954535E-03 -3.61675733954535E-03 -9.81000000000000E+00 7.00000000000000E-01
 9.60000000000000E+00 -3.73508828089653E-06 3.21703889036228E-02 3.21703889036228E-02 -9.81000000000000E+00 7.00000000000000E-01
 9.62000000000000E+00 -5.32392157002826E-06 3.63644905627752E-02 3.63644905627752E-02 -9.81000000000000E+00 7.00000000000000E-01
 9.64000000000000E+00 5.66955011829719E-06 -5.48851433939426E-02 -5.48851433939426E-02 -9.81000000000000E+00 7.00000000000000E-01
 9.66000000000000E+00 9.08013462613386E-05 -1.29635202630319E-02 -1.29635202630319E-02 -9.81000000000000E+00 7.00000000000000E-01
 9.68000000000000E+00 1.13553557477120E-04 -1.57697249288856E-02 -1.57697249288856E-02 -9.81000000000000E+00 7.00000000000000E-01
 9.70000000000000E+00 3.11757668761379E-05 2.62154347848460E-02 2.62154347848460E-02 -9.81000000000000E+00 7.00000000000000E-01
 9.72000000000000E+00 1.17220712306761E-05 -4.77808043493922E-02 -4.77808043493922E-02 -9.81000000000000E+00 7.00000000000000E-01
 9.74000000000000E+00 4.52749399280196E-05 -4.28363941312022E-02 -4.28363941312022E-02 -9.81000000000000E+00 7.00000000000000E-01
 9.76000000000000E+00 8.87180636219791E-05 -7.05963312428908E-03 -7.05963312428908E-03 -9.81000000000000E+00 7.00000000000000E-01
 9.78000000000000E+00 1.03915215822662E-04 -2.87062023090166E-03 -2.87062023090166E-03 -9.81000000000000E+00 7.00000000000000E-01
 9.80000000000000E+00 3.22069655054181E-06 3.25359960868582E-02 3.25359960868582E-02 -9.81000000000000E+00 7.00000000000000E-01
 9.82000000000000E+00 2.72868481111628E-06 -5.22051972608007E-02 -5.22051972608007E-02 -9.81000000000000E+00 7.00000000000000E-01
 9.84000000000000E+00 7.85878673334867E-05 -1.16503466577924E-02 -1.16503466577924E-02 -9.81000000000000E+00 7.00000000000000E-01
 9.86000000000000E+00 1.01261288132954E-04 -1.51262698623183E-02 -1.51262698623183E-02 -9.81000000000000E+00 7.00000000000000E-01
 9.88000000000000E+00 1.79697913374461E-05 2.65307277674641E-02 2.65307277674641E-02 -9.81000000000000E+00 7.00000000000000E-01
 9.90000000000000E+00 5.24502323170249E-05 2.35948566060574E-02 2.35948566060574E-02 -9.81000000000000E+00 7.00000000000000E-01
 9.92000000000000E+00 2.51348021351970E-05 -4.59463996242402E-02 -4.59463996242402E-02 -9.81000000000000E+00 7.00000000000000E-01
 9.94000000000000E+00 5.67065137293763E-05 -4.19375358158777E-02 -4.19375358158777E-02 -9.81000000000000E+00 7.00000000000000E-01
 9.96000000000000E+00 9.70395876523131E-05 -6.61919254978007E-03 -6.61919254978007E-03 -9.81000000000000E+00 7.00000000000000E-01
 9.98000000000000E+00 1.66804107300067E-06 3.06991956506078E-02 3.06991956506078E-02 -9.81000000000000E+00 7.00000000000000E-01
 1.00000000000000E+01 -4.33437197517607E-06 3.56436058687978E-02 3.56436058687978E-02 -9.81000000000000E+00 7.00000000000000E-01
